Sizes:
0
2000
4000
6000
8000
10000
12000
14000
16000
18000
20000
22000
24000
26000
28000
30000
32000
34000
36000
38000
40000
42000
44000
46000
48000
50000
52000
54000
56000
58000
60000
62000
64000
66000
68000
70000
72000
74000
76000
78000
80000
82000
84000
86000
88000
90000
92000
94000
96000
98000
100000

array time:
4000
104900
302000
463100
588200
1046200
381200
312300
219100
247800
153800
161900
202300
640900
144700
206900
233000
269300
241100
294100
123800
150700
132300
168000
182800
479700
205000
579800
2185400
314900
394700
394800
376000
357200
751200
616400
487100
854600
351400
283200
287900
320400
297400
632000
341600
316200
941500
309100
568600
304700
516500

Linked list time:
7600
20600
84800
148800
148100
247800
105000
351200
140400
140800
129900
174900
262500
114200
105900
113800
124400
145100
151300
143200
146700
190400
162500
175000
274100
577300
267700
294100
1280500
161100
228700
217700
225300
243200
329800
282300
271800
449100
426200
301900
381000
405900
389300
401700
363400
391700
422000
359400
680900
379600
659500

